8.032750e+00
4.872250e+00
2.955000e+00
1.792000e+00
1.087000e+00
6.605000e-01
4.012500e-01
2.427500e-01
1.470000e-01
8.917000e-02
5.409500e-02
3.281500e-02
1.990500e-02
1.207400e-02
7.324000e-03
4.524550e-03
2.879300e-03
1.832300e-03
1.166000e-03
6.370800e-04
2.579950e-04
1.121155e-04
6.177650e-05
3.787600e-05
2.183400e-05
1.292250e-05
6.938500e-06
3.650000e-06
2.950000e-06
2.350000e-06
1.977500e-06
1.677500e-06
1.400000e-06
1.225000e-06
1.136500e-06
1.110000e-06
1.084000e-06
1.058000e-06
1.032500e-06
1.008000e-06
9.840000e-07
9.610000e-07
9.300000e-07
8.800000e-07
8.150000e-07
7.025000e-07
5.625000e-07
4.500000e-07
3.750000e-07
3.350000e-07
3.100000e-07
2.900000e-07
2.650000e-07
2.350000e-07
2.000000e-07
1.600000e-07
1.200000e-07
9.000000e-08
7.350000e-08
6.250000e-08
5.400000e-08
4.600000e-08
3.850000e-08
3.250000e-08
2.750000e-08
2.250000e-08
1.750000e-08
1.250000e-08
7.500000e-09
2.500000e-09
