8.690927371603746e-01
7.729335341886395e-01
6.638287187813500e-01
5.484793174500692e-01
4.450833941367841e-01
3.640973763297691e-01
3.033106431757367e-01
2.607351672346294e-01
2.342530328448638e-01
2.199197215398483e-01
2.144181815775484e-01
2.159258182100168e-01
2.228738762092369e-01
2.327619574540742e-01
2.442319672800785e-01
2.554957037223694e-01
2.660573403913607e-01
2.759416592755667e-01
2.848933829196843e-01
2.968383835683660e-01
3.081711510512459e-01
3.152378010879095e-01
3.191222993616549e-01
3.219812814747514e-01
3.244028866881898e-01
3.261331381265811e-01
3.278808741131638e-01
3.238414776338511e-01
3.246250861960600e-01
3.257693754948379e-01
3.268873094678682e-01
3.283350560281845e-01
3.301214828636015e-01
3.316320205868494e-01
3.326019375002506e-01
3.331025658831106e-01
3.332791818555989e-01
3.333651945996605e-01
3.339252338754750e-01
3.344782828479499e-01
3.348887384740291e-01
3.350128774157296e-01
3.356914712930852e-01
3.368475446560289e-01
3.386306968267460e-01
3.429485751028883e-01
3.501483099328589e-01
3.588473348344893e-01
3.686079722234635e-01
3.788587941517989e-01
3.893077660101092e-01
4.011355016593093e-01
4.229370258266408e-01
4.624313462589259e-01
5.275691871992337e-01
5.944466440463195e-01
6.435289554644829e-01
6.737439190315139e-01
6.940116494400979e-01
7.099944958414004e-01
7.258923256739738e-01
7.452886839864209e-01
7.693888323011683e-01
7.948227966583057e-01
8.213319644429794e-01
8.518622114578931e-01
8.867447227686354e-01
9.261476947843812e-01
9.705486363114891e-01
1.025217834205256e+00
