 5.0000e-09
 1.0000e-08
 1.5000e-08
 2.0000e-08
 2.5000e-08
 3.0000e-08
 3.5000e-08
 4.2000e-08
 5.0000e-08
 5.8000e-08
 6.7000e-08
 8.0000e-08
 1.0000e-07
 1.4000e-07
 1.8000e-07
 2.2000e-07
 2.5000e-07
 2.8000e-07
 3.0000e-07
 3.2000e-07
 3.5000e-07
 4.0000e-07
 5.0000e-07
 6.2500e-07
 7.8000e-07
 8.5000e-07
 9.1000e-07
 9.5000e-07
 9.7200e-07
 9.9600e-07
 1.0200e-06
 1.0450e-06
 1.0710e-06
 1.0970e-06
 1.1230e-06
 1.1500e-06
 1.3000e-06
 1.5000e-06
 1.8550e-06
 2.1000e-06
 2.6000e-06
 3.3000e-06
 4.0000e-06
 9.8770e-06
 1.5968e-05
 2.7700e-05
 4.8052e-05
 7.5501e-05
 1.4873e-04
 3.6726e-04
 9.0690e-04
 1.4251e-03
 2.2395e-03
 3.5191e-03
 5.5300e-03
 9.1180e-03
 1.5030e-02
 2.4780e-02
 4.0850e-02
 6.7340e-02
 1.1100e-01
 1.8300e-01
 3.0250e-01
 5.0000e-01
 8.2100e-01
 1.3530e+00
 2.2310e+00
 3.6790e+00
 6.0655e+00
 1.0000e+01
