9.5199e-01
1.0351e+00
9.3946e-01
8.7042e-01
8.3910e-01
8.3244e-01
7.8438e-01
7.7327e-01
7.3919e-01
7.1333e-01
7.1264e-01
6.8051e-01
6.7389e-01
6.4561e-01
5.8493e-01
5.0988e-01
4.8314e-01
4.0685e-01
4.3215e-01
4.0903e-01
3.8992e-01
3.6148e-01
3.6706e-01
3.5664e-01
3.5371e-01
3.3869e-01
3.4995e-01
3.6857e-01
3.4995e-01
3.2715e-01
3.2658e-01
3.5098e-01
3.2105e-01
3.2322e-01
3.8905e-01
3.5944e-01
3.4043e-01
3.3408e-01
3.3611e-01
3.3832e-01
3.2368e-01
3.2260e-01
3.2856e-01
3.2824e-01
3.2864e-01
3.2942e-01
3.2221e-01
3.1897e-01
3.1546e-01
3.1089e-01
2.9724e-01
2.8777e-01
2.7847e-01
2.6265e-01
2.6034e-01
2.4364e-01
2.3206e-01
2.2144e-01
2.1931e-01
2.1471e-01
2.2009e-01
2.3376e-01
2.6024e-01
3.0118e-01
3.6275e-01
4.4399e-01
5.4645e-01
6.5621e-01
7.5675e-01
8.3578e-01
